-1.601224690675735474e-01
-2.012050747871398926e-01
-2.347168624401092529e-01
-2.616952955722808838e-01
-2.799487411975860596e-01
-2.870292961597442627e-01
-2.827187478542327881e-01
-2.667354643344879150e-01
-2.394654750823974609e-01
-2.032304853200912476e-01
-1.676198840141296387e-01
-1.302037537097930908e-01
-9.148520231246948242e-02
-5.939585715532302856e-02
-3.909505903720855713e-02
-2.125045470893383026e-02
-6.851924583315849304e-03
4.473829641938209534e-03
1.367278303951025009e-02
2.058032527565956116e-02
2.498982101678848267e-02
2.788962423801422119e-02
2.964752726256847382e-02
3.073548711836338043e-02
3.170958906412124634e-02
3.248814865946769714e-02
3.322321921586990356e-02
3.404585644602775574e-02
3.517188131809234619e-02
3.673479333519935608e-02
3.882910311222076416e-02
4.155444353818893433e-02
4.523430392146110535e-02
4.972331225872039795e-02
5.483932793140411377e-02
6.077138334512710571e-02
6.727077066898345947e-02
7.423656433820724487e-02
8.149754256010055542e-02
8.896630257368087769e-02
9.648239612579345703e-02
1.040700301527976990e-01
1.113711819052696228e-01
1.179780066013336182e-01
1.234540268778800964e-01
1.271959841251373291e-01
1.288016736507415771e-01
1.280567944049835205e-01
1.249668225646018982e-01
1.197654828429222107e-01
1.127741485834121704e-01
1.045935750007629395e-01
9.591750055551528931e-02
8.725392073392868042e-02
7.908960431814193726e-02
7.166513055562973022e-02
6.519348174333572388e-02
5.985935777425765991e-02
5.561544001102447510e-02
5.260745435953140259e-02
5.048796534538269043e-02
4.932396858930587769e-02
4.920683056116104126e-02
5.005696415901184082e-02
5.169083923101425171e-02
5.422134697437286377e-02
5.749259889125823975e-02
6.158354878425598145e-02
6.648629158735275269e-02
7.222288846969604492e-02
7.860431075096130371e-02
8.574513345956802368e-02
9.337065368890762329e-02
1.013306006789207458e-01
1.092156693339347839e-01
1.167279779911041260e-01
1.232158765196800232e-01
1.282515227794647217e-01
1.312112212181091309e-01
1.317940354347229004e-01
1.297926157712936401e-01
1.253261715173721313e-01
1.186806038022041321e-01
1.103998646140098572e-01
1.011961773037910461e-01
9.175750613212585449e-02
8.266036212444305420e-02
7.416809350252151489e-02
6.656382232904434204e-02
6.011864542961120605e-02
5.483965575695037842e-02
5.084567517042160034e-02
4.791335761547088623e-02
4.598070681095123291e-02
4.503599554300308228e-02
4.504973813891410828e-02
4.602136462926864624e-02
4.781867191195487976e-02
5.041506141424179077e-02
5.381684005260467529e-02
5.808679759502410889e-02
6.314628571271896362e-02
6.909812241792678833e-02
7.587896287441253662e-02
8.344005793333053589e-02
9.172008186578750610e-02
1.003693416714668274e-01
1.091503873467445374e-01
1.176181286573410034e-01
1.252009421586990356e-01
1.312597095966339111e-01
1.351441740989685059e-01
1.363338530063629150e-01
1.345820277929306030e-01
1.298973113298416138e-01
1.226434633135795593e-01
1.135488972067832947e-01
1.032834947109222412e-01
9.265736490488052368e-02
8.231136947870254517e-02
7.271336019039154053e-02
6.415763497352600098e-02
5.693194270133972168e-02
5.097889155149459839e-02
4.633915424346923828e-02
4.282666742801666260e-02
4.047743231058120728e-02
3.915923088788986206e-02
3.885800391435623169e-02
3.942297399044036865e-02
4.076521471142768860e-02
4.293638467788696289e-02
4.589423537254333496e-02
4.966942965984344482e-02
5.431596934795379639e-02
5.985827744007110596e-02
6.628569960594177246e-02
7.367951422929763794e-02
8.195821195840835571e-02
9.109479188919067383e-02
1.007906571030616760e-01
1.108031347393989563e-01
1.204874813556671143e-01
1.292570382356643677e-01
1.362810283899307251e-01
1.408394277095794678e-01
1.421912163496017456e-01
1.400681585073471069e-01
1.343887150287628174e-01
1.257183849811553955e-01
1.150039583444595337e-01
1.030774787068367004e-01
9.077015519142150879e-02
7.902959734201431274e-02
6.848823279142379761e-02
5.913594365119934082e-02
5.121669173240661621e-02
4.472423344850540161e-02
3.970409184694290161e-02
3.587407991290092468e-02
3.322455659508705139e-02
3.162261471152305603e-02
3.105995804071426392e-02
3.121166676282882690e-02
3.216388076543807983e-02
3.383149951696395874e-02
3.625137358903884888e-02
3.943244367837905884e-02
4.342775791883468628e-02
4.821712523698806763e-02
5.396009236574172974e-02
6.071419268846511841e-02
6.852797418832778931e-02
7.739775627851486206e-02
8.729059249162673950e-02
9.806271642446517944e-02
1.094676330685615540e-01
1.209435239434242249e-01
1.316385418176651001e-01
1.407050490379333496e-01
1.470719277858734131e-01
1.497772634029388428e-01
1.481921970844268799e-01
1.423308849334716797e-01
1.327227056026458740e-01
1.203401759266853333e-01
1.063706725835800171e-01
9.193281829357147217e-02
7.819808274507522583e-02
6.554102897644042969e-02
5.455066263675689697e-02
4.532807320356369019e-02
3.774265944957733154e-02
3.173394501209259033e-02
2.714235335588455200e-02
2.374276891350746155e-02
2.139155566692352295e-02
1.996682770550251007e-02
1.927673071622848511e-02
1.922588422894477844e-02
1.979552581906318665e-02
2.089871652424335480e-02
2.253852039575576782e-02
2.475162036716938019e-02
2.751925587654113770e-02
3.096418082714080811e-02
3.519280999898910522e-02
4.020145535469055176e-02
4.615869745612144470e-02
5.326861888170242310e-02
6.159175187349319458e-02
7.124383747577667236e-02
8.224870264530181885e-02
9.459508955478668213e-02
1.080422997474670410e-01
1.220623627305030823e-01
1.358988136053085327e-01
1.481334865093231201e-01
1.573834717273712158e-01
1.621875762939453125e-01
1.613198518753051758e-01
1.546170115470886230e-01
1.426903009414672852e-01
1.270990818738937378e-01
1.093291193246841431e-01
9.135498851537704468e-02
7.413206994533538818e-02
5.862867087125778198e-02
4.519587755203247070e-02
3.404347598552703857e-02
2.492112480103969574e-02
1.764602959156036377e-02
1.191118638962507248e-02
7.475443184375762939e-03
4.005886614322662354e-03
1.255767419934272766e-03
-9.688697755336761475e-04
-2.760425209999084473e-03
-4.293384030461311340e-03
-5.675718188285827637e-03
-7.023068144917488098e-03
-8.451996371150016785e-03
-9.983239695429801941e-03
-1.169076003134250641e-02
-1.361006684601306915e-02
-1.598735339939594269e-02
-1.864991150796413422e-02
-2.195047028362751007e-02
-2.579584158957004547e-02
-3.040522523224353790e-02
-3.603573143482208252e-02
-4.270115494728088379e-02
-5.064944922924041748e-02
-6.015161424875259399e-02
-7.125714421272277832e-02
-8.411248773336410522e-02
-9.867499768733978271e-02
-1.146526858210563660e-01
-1.312941908836364746e-01
-1.474345475435256958e-01
-1.612569093704223633e-01
-1.708330661058425903e-01
-1.739667952060699463e-01
-1.696988195180892944e-01
-1.581259220838546753e-01
-1.408149898052215576e-01
-1.199290230870246887e-01
-9.786058217287063599e-02
-7.649565488100051880e-02
-5.705229192972183228e-02
-4.028186202049255371e-02
-2.632652781903743744e-02
-1.471778936684131622e-02
-5.382187664508819580e-03
2.082781866192817688e-03
8.191077969968318939e-03
1.315061375498771667e-02
1.735045760869979858e-02
2.113001607358455658e-02
2.468522638082504272e-02
2.824312448501586914e-02
3.195108100771903992e-02
3.600950539112091064e-02
4.056178778409957886e-02
4.578240960836410522e-02
5.168896913528442383e-02
5.848119407892227173e-02
6.623189151287078857e-02
7.503409683704376221e-02
8.487197756767272949e-02
9.572049230337142944e-02
1.072182431817054749e-01
1.189829185605049133e-01
1.302125453948974609e-01
1.399399340152740479e-01
1.471517831087112427e-01
1.507620215415954590e-01
1.500427275896072388e-01
1.449563503265380859e-01
1.356842815876007080e-01
1.233074888586997986e-01
1.093841567635536194e-01
9.459342062473297119e-02
8.034255355596542358e-02
6.728150695562362671e-02
5.573615431785583496e-02
4.597178846597671509e-02
3.794197738170623779e-02
3.150875121355056763e-02
2.665113285183906555e-02
2.296540886163711548e-02
2.036463841795921326e-02
1.869250275194644928e-02
1.770373806357383728e-02
1.730530336499214172e-02
1.761574670672416687e-02
1.843890920281410217e-02
1.981660909950733185e-02
2.170200087130069733e-02
2.416985109448432922e-02
2.714747935533523560e-02
3.084043413400650024e-02
3.532870113849639893e-02
4.067865014076232910e-02
4.704917967319488525e-02
5.459038913249969482e-02
6.343185901641845703e-02
7.373470813035964966e-02
8.535214513540267944e-02
9.843900054693222046e-02
1.124841421842575073e-01
1.270348131656646729e-01
1.410793513059616089e-01
1.530963778495788574e-01
1.614586710929870605e-01
1.648014634847640991e-01
1.620601415634155273e-01
1.532132327556610107e-01
1.393328905105590820e-01
1.221721023321151733e-01
1.034625098109245300e-01
8.489848673343658447e-02
6.757871806621551514e-02
5.230902880430221558e-02
3.942201286554336548e-02
2.862141840159893036e-02
1.993620395660400391e-02
1.303657144308090210e-02
7.592570036649703979e-03
3.305844962596893311e-03
1.365318894386291504e-05
-2.610621973872184753e-03
-4.907391965389251709e-03
-6.838511675596237183e-03
-8.540119975805282593e-03
-1.030552759766578674e-02
-1.221908070147037506e-02
-1.426257006824016571e-02
-1.654365472495555878e-02
-1.916522346436977386e-02
-2.223861031234264374e-02
-2.587345428764820099e-02
-3.018617443740367889e-02
-3.526432812213897705e-02
-4.131818562746047974e-02
-4.852788150310516357e-02
-5.697624385356903076e-02
-6.697328388690948486e-02
-7.842116802930831909e-02
-9.141486138105392456e-02
-1.057957634329795837e-01
-1.210714355111122131e-01
-1.363146752119064331e-01
-1.503260582685470581e-01
-1.611901074647903442e-01
-1.674221903085708618e-01
-1.672228872776031494e-01
-1.604531407356262207e-01
-1.474381685256958008e-01
-1.301438957452774048e-01
-1.104232594370841980e-01
-9.023869037628173828e-02
-7.119479030370712280e-02
-5.414111167192459106e-02
-3.941540420055389404e-02
-2.715918980538845062e-02
-1.714885421097278595e-02
-9.215136989951133728e-03
-2.875540405511856079e-03
2.228284254670143127e-03
6.257801316678524017e-03
9.705707430839538574e-03
1.267190463840961456e-02
1.539007481187582016e-02
1.810589805245399475e-02
2.086975425481796265e-02
2.384475059807300568e-02
2.724756486713886261e-02
3.109757415950298309e-02
3.556206077337265015e-02
4.078841209411621094e-02
4.688257351517677307e-02
5.402676761150360107e-02
6.230689585208892822e-02
7.187683135271072388e-02
8.280581980943679810e-02
9.505332261323928833e-02
1.083342209458351135e-01
1.222171783447265625e-01
1.357317566871643066e-01
1.476705968379974365e-01
1.566290855407714844e-01
1.611098349094390869e-01
1.602212935686111450e-01
1.535638421773910522e-01
1.418695002794265747e-01
1.265225410461425781e-01
1.089719980955123901e-01
9.121003001928329468e-02
7.431760430335998535e-02
5.909833312034606934e-02
4.580765217542648315e-02
3.464582562446594238e-02
2.563052996993064880e-02
1.846556551754474640e-02
1.284518744796514511e-02
8.441478013992309570e-03
5.028781481087207794e-03
2.427617087960243225e-03
3.447849303483963013e-04
-1.350069418549537659e-03
-2.791645005345344543e-03
-3.990456461906433105e-03
-5.130345001816749573e-03
-6.345739588141441345e-03
-7.569117471575737000e-03
-8.901050314307212830e-03
-1.044181361794471741e-02
-1.226350851356983185e-02
-1.440062932670116425e-02
-1.695136912167072296e-02
-2.000511623919010162e-02
-2.366640232503414154e-02
-2.807896025478839874e-02
-3.348415344953536987e-02
-3.993157297372817993e-02
-4.767087101936340332e-02
-5.691293627023696899e-02
-6.786771118640899658e-02
-8.074487000703811646e-02
-9.552101790904998779e-02
-1.119897887110710144e-01
-1.295189559459686279e-01
-1.468989253044128418e-01
-1.623291373252868652e-01
-1.735531687736511230e-01
-1.783320605754852295e-01
-1.750696301460266113e-01
-1.638544350862503052e-01
-1.459999382495880127e-01
-1.240079924464225769e-01
-1.004828214645385742e-01
-7.769241183996200562e-02
-5.685130506753921509e-02
-3.879836946725845337e-02
-2.377429790794849396e-02
-1.146664470434188843e-02
-1.485606655478477478e-03
6.501704454421997070e-03
1.296149566769599915e-02
1.834286749362945557e-02
2.291667647659778595e-02
2.704413048923015594e-02
3.098591417074203491e-02
3.500752896070480347e-02
3.921432048082351685e-02
4.376462101936340332e-02
4.892082512378692627e-02
5.468464642763137817e-02
6.120337545871734619e-02
6.851899623870849609e-02
7.676740735769271851e-02
8.587557822465896606e-02
9.578888863325119019e-02
1.061450392007827759e-01
1.166226938366889954e-01
1.264901906251907349e-01
1.349715590476989746e-01
1.411935538053512573e-01
1.443104594945907593e-01
1.437757611274719238e-01
1.394806355237960815e-01
1.317495405673980713e-01
1.212912574410438538e-01
1.090953573584556580e-01
9.628806263208389282e-02
8.354867249727249146e-02
7.188155502080917358e-02
6.142716854810714722e-02
5.240305513143539429e-02
4.492552578449249268e-02
3.900967165827751160e-02
3.463898599147796631e-02
3.137708455324172974e-02
2.920328080654144287e-02
2.812334895133972168e-02
2.767784520983695984e-02
2.802319265902042389e-02
2.911088243126869202e-02
3.090967983007431030e-02
3.345598280429840088e-02
3.668479621410369873e-02
4.072665423154830933e-02
4.556643962860107422e-02
5.138021707534790039e-02
5.817984044551849365e-02
6.611781567335128784e-02
7.518329471349716187e-02
8.537146449089050293e-02
9.650314599275588989e-02
1.084636524319648743e-01
1.205764561891555786e-01
1.322120726108551025e-01
1.422655433416366577e-01
1.495600640773773193e-01
1.529882252216339111e-01
1.518037319183349609e-01
1.459928154945373535e-01
1.360289752483367920e-01
1.229832917451858521e-01
1.080571636557579041e-01
9.268081933259963989e-02
7.789254933595657349e-02
6.437128782272338867e-02
5.255964398384094238e-02
4.275952279567718506e-02
3.464446961879730225e-02
2.813251689076423645e-02
2.328634634613990784e-02
1.949433796107769012e-02
1.682187244296073914e-02
1.504554413259029388e-02
1.400305610150098801e-02
1.353343389928340912e-02
1.353268977254629135e-02
1.404909975826740265e-02
1.492035482078790665e-02
1.622277498245239258e-02
1.794711872935295105e-02
2.012707851827144623e-02
2.284106053411960602e-02
2.606497332453727722e-02
3.008117899298667908e-02
3.487084805965423584e-02
4.061856865882873535e-02
4.750304669141769409e-02
5.558856576681137085e-02
6.521197408437728882e-02
7.636419683694839478e-02
8.904301375150680542e-02
1.032763198018074036e-01
1.185266748070716858e-01
1.340904682874679565e-01
1.487381905317306519e-01
1.607276648283004761e-01
1.681566983461380005e-01
1.694761067628860474e-01
1.640268713235855103e-01
1.522202938795089722e-01
1.353535503149032593e-01
1.157353892922401428e-01
9.538358449935913086e-02
7.578837871551513672e-02
5.807831138372421265e-02
4.278027266263961792e-02
3.005341626703739166e-02
1.960223168134689331e-02
1.115418225526809692e-02
4.481760784983634949e-03
-8.226875215768814087e-04
-5.070487037301063538e-03
-8.607221767306327820e-03
-1.165612041950225830e-02
-1.443737186491489410e-02
-1.712354086339473724e-02
-1.983158104121685028e-02
-2.276065386831760406e-02
-2.602554671466350555e-02
-2.976273186504840851e-02
-3.399889916181564331e-02
-3.893908113241195679e-02
-4.477918893098831177e-02
-5.144248157739639282e-02
-5.929175019264221191e-02
-6.827307492494583130e-02
-7.850271463394165039e-02
-8.994292467832565308e-02
-1.024102047085762024e-01
-1.154955253005027771e-01
-1.285305768251419067e-01
-1.406249552965164185e-01
-1.501792967319488525e-01
-1.559970378875732422e-01
-1.571284532546997070e-01
-1.527902781963348389e-01
-1.434647142887115479e-01
-1.301895529031753540e-01
-1.143688932061195374e-01
-9.755793213844299316e-02
-8.104779571294784546e-02
-6.585036963224411011e-02
-5.242273211479187012e-02
-4.095739126205444336e-02
-3.156398981809616089e-02
-2.401825971901416779e-02
-1.804087497293949127e-02
-1.358720846474170685e-02
-1.006044633686542511e-02
-7.405534386634826660e-03
-5.563938990235328674e-03
-4.124751314520835876e-03
-3.168974071741104126e-03
-2.591295167803764343e-03
-2.236230298876762390e-03
-2.015914767980575562e-03
-1.868160441517829895e-03
-1.858951523900032043e-03
-1.951528713107109070e-03
-2.107487991452217102e-03
-2.426858991384506226e-03
-2.743646502494812012e-03
-3.157338127493858337e-03
-3.778796643018722534e-03
-4.573209211230278015e-03
-5.362851545214653015e-03
-6.435653194785118103e-03
-7.791316136717796326e-03
-9.359745308756828308e-03
-1.136917807161808014e-02
-1.376380585134029388e-02
-1.677417568862438202e-02
-2.039361186325550079e-02
-2.474392019212245941e-02
-3.022666834294795990e-02
-3.689134865999221802e-02
-4.508169740438461304e-02
-5.501288920640945435e-02
-6.683982163667678833e-02
-8.093078434467315674e-02
-9.739631414413452148e-02
-1.159657314419746399e-01
-1.359507590532302856e-01
-1.559689342975616455e-01
-1.735819876194000244e-01
-1.858593970537185669e-01
-1.899413615465164185e-01
-1.841108202934265137e-01
-1.686505377292633057e-01
-1.459374129772186279e-01
-1.193668618798255920e-01
-9.218516945838928223e-02
-6.661996990442276001e-02
-4.418186843395233154e-02
-2.500365115702152252e-02
-9.271373972296714783e-03
3.520498052239418030e-03
1.370169315487146378e-02
2.187598124146461487e-02
2.859809249639511108e-02
3.428593277931213379e-02
3.926648944616317749e-02
4.391682893037796021e-02
4.848780483007431030e-02
5.311581492424011230e-02
5.811695009469985962e-02
6.347540020942687988e-02
6.931669265031814575e-02
7.578898221254348755e-02
8.279920369386672974e-02
9.026437997817993164e-02
9.790540486574172974e-02
1.055606827139854431e-01
1.128830611705780029e-01
1.193420216441154480e-01
1.246141865849494934e-01
1.282071918249130249e-01
1.295987367630004883e-01
1.285632401704788208e-01
1.252031326293945312e-01
1.197178438305854797e-01
1.125340163707733154e-01
1.042491719126701355e-01
9.542026370763778687e-02
8.662797510623931885e-02
7.826178520917892456e-02
7.067128270864486694e-02
6.407540291547775269e-02
5.861105769872665405e-02
5.431955307722091675e-02
5.124781280755996704e-02
4.910391569137573242e-02
4.792782664299011230e-02
4.777828603982925415e-02
4.859771579504013062e-02
5.017005652189254761e-02
5.261850357055664062e-02
5.586606264114379883e-02
5.992222577333450317e-02
6.479929387569427490e-02
7.049747556447982788e-02
7.693627476692199707e-02
8.411337435245513916e-02
9.186666458845138550e-02
1.000066623091697693e-01
1.082030683755874634e-01
1.161091700196266174e-01
1.231087967753410339e-01
1.287144124507904053e-01
1.322528719902038574e-01
1.333207339048385620e-01
1.317096501588821411e-01
1.274802237749099731e-01
1.208979561924934387e-01
1.125287190079689026e-01
1.030581593513488770e-01
9.330773353576660156e-02
8.373231440782546997e-02
7.480454444885253906e-02
6.676658987998962402e-02
5.990985035896301270e-02
5.426190048456192017e-02
4.989898949861526489e-02
4.667934775352478027e-02
4.447881877422332764e-02
4.329540207982063293e-02
4.311595112085342407e-02
4.382422566413879395e-02
4.537475109100341797e-02
4.774503409862518311e-02
5.090427398681640625e-02
5.493568629026412964e-02
5.976844578981399536e-02
6.551869213581085205e-02
7.215058803558349609e-02
7.957868278026580811e-02
8.785054832696914673e-02
9.663450717926025391e-02
1.058018580079078674e-01
1.148432046175003052e-01
1.232690140604972839e-01
1.304077804088592529e-01
1.355121135711669922e-01
1.380275785923004150e-01
1.374622881412506104e-01
1.338048428297042847e-01
1.272001713514328003e-01
1.183183789253234863e-01
1.079311892390251160e-01
9.690656512975692749e-02
8.588522672653198242e-02
7.551694661378860474e-02
6.623152643442153931e-02
5.817779153585433960e-02
5.149098485708236694e-02
4.610813036561012268e-02
4.206258803606033325e-02
3.917386382818222046e-02
3.733289986848831177e-02
3.645595908164978027e-02
3.656019270420074463e-02
3.746014088392257690e-02
3.912065923213958740e-02
4.162795841693878174e-02
4.488678276538848877e-02
4.899705201387405396e-02
5.398281663656234741e-02
5.987682938575744629e-02
6.672811508178710938e-02
7.457915693521499634e-02
8.334836363792419434e-02
9.299854189157485962e-02
1.032166928052902222e-01
1.137258335947990417e-01
1.237899139523506165e-01
1.327437162399291992e-01
1.396616250276565552e-01
1.437941789627075195e-01
1.444365978240966797e-01
1.412320882081985474e-01
1.343978345394134521e-01
1.245275214314460754e-01
1.128454580903053284e-01
1.000353842973709106e-01
8.717385679483413696e-02
7.508986443281173706e-02
6.428286433219909668e-02
5.495226383209228516e-02
4.709688574075698853e-02
4.069931060075759888e-02
3.588905557990074158e-02
3.222527727484703064e-02
2.968005463480949402e-02
2.819455601274967194e-02
2.762625738978385925e-02
2.777217328548431396e-02
2.869779616594314575e-02
3.019966185092926025e-02
3.250829502940177917e-02
3.548758476972579956e-02
3.920191526412963867e-02
4.375791922211647034e-02
4.920629411935806274e-02
5.564472079277038574e-02
6.318929791450500488e-02
7.182920724153518677e-02
8.160906285047531128e-02
9.247276186943054199e-02
1.042559370398521423e-01
1.164270862936973572e-01
1.284106969833374023e-01
1.391147524118423462e-01
1.475272327661514282e-01
1.524398624897003174e-01
1.529867947101593018e-01
1.487412452697753906e-01
1.401466131210327148e-01
1.280208230018615723e-01
1.135220006108283997e-01
9.816306829452514648e-02
8.310496807098388672e-02
6.898916512727737427e-02
5.653954297304153442e-02
4.593944549560546875e-02
3.714150190353393555e-02
3.007482737302780151e-02
2.457428909838199615e-02
2.036739327013492584e-02
1.725318469107151031e-02
1.511146035045385361e-02
1.380199380218982697e-02
1.307652704417705536e-02
1.284777373075485229e-02
1.311887986958026886e-02
1.374320499598979950e-02
1.480953022837638855e-02
1.626975834369659424e-02
1.810196600854396820e-02
2.046371065080165863e-02
2.335794642567634583e-02
2.686040103435516357e-02
3.107819333672523499e-02
3.615661337971687317e-02
4.220790043473243713e-02
4.944895952939987183e-02
5.799885094165802002e-02
6.813500821590423584e-02
7.972981780767440796e-02
9.297189861536026001e-02
1.076998934149742126e-01
1.232819780707359314e-01
1.388494819402694702e-01
1.530396044254302979e-01
1.640242338180541992e-01
1.699710786342620850e-01
1.693662256002426147e-01
1.617994606494903564e-01
1.481064558029174805e-01
1.299402713775634766e-01
1.096889600157737732e-01
8.920112997293472290e-02
6.989239156246185303e-02
5.280918627977371216e-02
3.831668198108673096e-02
2.611830644309520721e-02
1.621389761567115784e-02
8.299458771944046021e-03
2.021715044975280762e-03
-2.994423732161521912e-03
-7.098341360688209534e-03
-1.052522100508213043e-02
-1.355508901178836823e-02
-1.640973798930644989e-02
-1.917963288724422455e-02
-2.210391871631145477e-02
-2.525584585964679718e-02
-2.877447195351123810e-02
-3.287434577941894531e-02
-3.757981210947036743e-02
-4.299458116292953491e-02
-4.930285364389419556e-02
-5.664700269699096680e-02
-6.504254788160324097e-02
-7.472541183233261108e-02
-8.560404926538467407e-02
-9.751444309949874878e-02
-1.102397069334983826e-01
-1.231219395995140076e-01
-1.353760510683059692e-01
-1.457521766424179077e-01
-1.529499739408493042e-01
-1.559573262929916382e-01
-1.537570357322692871e-01
-1.465224027633666992e-01
-1.349724233150482178e-01
-1.203788295388221741e-01
-1.042257472872734070e-01
-8.788111060857772827e-02
-7.243713736534118652e-02
-5.860199779272079468e-02
-4.662019759416580200e-02
-3.669188171625137329e-02
-2.858764864504337311e-02
-2.219167910516262054e-02
-1.730457134544849396e-02
-1.349825225770473480e-02
-1.071263104677200317e-02
-8.746759966015815735e-03
-7.385628297924995422e-03
-6.444375962018966675e-03
-5.862895399332046509e-03
-5.710937082767486572e-03
-5.754299461841583252e-03
-6.021497771143913269e-03
-6.520966067910194397e-03
-7.278494536876678467e-03
-8.245673030614852905e-03
-9.484838694334030151e-03
-1.094754226505756378e-02
-1.278899237513542175e-02
-1.510491035878658295e-02
-1.779920794069766998e-02
-2.111771889030933380e-02
-2.518741227686405182e-02
-3.009502403438091278e-02
-3.600957989692687988e-02
-4.318090528249740601e-02
-5.179365724325180054e-02
-6.208489835262298584e-02
-7.422313839197158813e-02
-8.831742405891418457e-02
-1.042770743370056152e-01
-1.217150464653968811e-01
-1.397896260023117065e-01
-1.568657755851745605e-01
-1.707589030265808105e-01
-1.789361387491226196e-01
-1.794293820858001709e-01
-1.715271472930908203e-01
-1.559380292892456055e-01
-1.348019689321517944e-01
-1.110328808426856995e-01
-8.711334317922592163e-02
-6.483738869428634644e-02
-4.526592791080474854e-02
-2.860561572015285492e-02
-1.494073681533336639e-02
-3.914630040526390076e-03
4.935983568429946899e-03
1.207395084202289581e-02
1.795928552746772766e-02
2.284056134521961212e-02
2.716729044914245605e-02
3.116722963750362396e-02
3.516765683889389038e-02
3.927996009588241577e-02
4.367278516292572021e-02
4.856201261281967163e-02
5.401479452848434448e-02
6.017172336578369141e-02
6.705372780561447144e-02
7.469566911458969116e-02
8.302087336778640747e-02
9.207224100828170776e-02
1.015579923987388611e-01
1.112617775797843933e-01
1.205308809876441956e-01
1.287341564893722534e-01
1.351878941059112549e-01
1.391739547252655029e-01
1.400495022535324097e-01
1.375333666801452637e-01
1.318209320306777954e-01
1.234174817800521851e-01
1.129575818777084351e-01
1.015726104378700256e-01
9.003198146820068359e-02
7.891349494457244873e-02
6.882628053426742554e-02
5.986022949218750000e-02
5.229086428880691528e-02
4.619795829057693481e-02
4.153550043702125549e-02
3.805242478847503662e-02
3.563459962606430054e-02
3.435687348246574402e-02
3.385378420352935791e-02
3.423041850328445435e-02
3.541788458824157715e-02
3.739683702588081360e-02
4.012327641248703003e-02
4.368103668093681335e-02
4.805011302232742310e-02
5.335034430027008057e-02
5.957640707492828369e-02
6.676287204027175903e-02
7.501085102558135986e-02
8.418887108564376831e-02
9.427438676357269287e-02
1.049323305487632751e-01
1.158826425671577454e-01
1.263820677995681763e-01
1.355925798416137695e-01
1.425620466470718384e-01
1.463905125856399536e-01
1.464996635913848877e-01
1.424313336610794067e-01
1.346186548471450806e-01
1.237749829888343811e-01
1.112011745572090149e-01
9.763110429048538208e-02
8.423044532537460327e-02
7.173889875411987305e-02
6.068357080221176147e-02
5.123406648635864258e-02
4.338476806879043579e-02
3.708152100443840027e-02
3.227984905242919922e-02
2.864916250109672546e-02
2.618535049259662628e-02
2.464617975056171417e-02
2.398288995027542114e-02
2.406549267470836639e-02
2.479331195354461670e-02
2.620280720293521881e-02
2.816399931907653809e-02
3.085990995168685913e-02
3.423539549112319946e-02
3.832122683525085449e-02
4.327508062124252319e-02
4.917071759700775146e-02
5.609372258186340332e-02
6.422073394060134888e-02
7.353052496910095215e-02
8.408722281455993652e-02
9.580375999212265015e-02
1.084116101264953613e-01
1.213659718632698059e-01
1.339247524738311768e-01
1.448674499988555908e-01
1.529774069786071777e-01
1.569587290287017822e-01
1.558605432510375977e-01
1.497482657432556152e-01
1.389209926128387451e-01
1.248053759336471558e-01
1.086432710289955139e-01
9.215069562196731567e-02
7.623509317636489868e-02
6.184654682874679565e-02
4.935313761234283447e-02
3.885136544704437256e-02
3.034541010856628418e-02
2.346730604767799377e-02
1.815863884985446930e-02
1.407316420227289200e-02
1.103911921381950378e-02
8.843617513775825500e-03
7.264871150255203247e-03
6.264197640120983124e-03
5.530086345970630646e-03
5.152769386768341064e-03
5.050814710557460785e-03
5.068814381957054138e-03
5.354268476366996765e-03
5.750465206801891327e-03
6.328908726572990417e-03
7.194038480520248413e-03
8.184721693396568298e-03
9.327060543000698090e-03
1.085587590932846069e-02
1.267211511731147766e-02
1.492738723754882812e-02
1.766896806657314301e-02
2.107262611389160156e-02
2.516030520200729370e-02
3.008013963699340820e-02
3.604790568351745605e-02
4.324636980891227722e-02
5.199494212865829468e-02
6.241477280855178833e-02
7.484475523233413696e-02
8.934581279754638672e-02
1.059290096163749695e-01
1.239006742835044861e-01
1.426211893558502197e-01
1.604266166687011719e-01
1.747561842203140259e-01
1.831523180007934570e-01
1.833498179912567139e-01
1.744978427886962891e-01
1.577732264995574951e-01
1.354177743196487427e-01
1.104830577969551086e-01
8.553608506917953491e-02
6.259434670209884644e-02
4.275796934962272644e-02
2.610983140766620636e-02
1.234043855220079422e-02
1.262787729501724243e-03
-7.741840556263923645e-03
-1.495483703911304474e-02
-2.083967067301273346e-02
-2.588210068643093109e-02
-3.031760267913341522e-02
-3.444866836071014404e-02
-3.869598358869552612e-02
-4.301320016384124756e-02
-4.772245138883590698e-02
-5.283171683549880981e-02
-5.857674777507781982e-02
-6.493882834911346436e-02
-7.204326242208480835e-02
-7.984345406293869019e-02
-8.820308744907379150e-02
-9.699703007936477661e-02
-1.059919074177742004e-01
-1.147312000393867493e-01
-1.228659972548484802e-01
-1.293731778860092163e-01
-1.338802874088287354e-01
-1.357402950525283813e-01
-1.346583068370819092e-01
-1.305817216634750366e-01
-1.237891539931297302e-01
-1.149180307984352112e-01
-1.047396212816238403e-01
-9.406583011150360107e-02
-8.360336720943450928e-02
-7.371842116117477417e-02
-6.483728438615798950e-02
-5.733630061149597168e-02
-5.109472572803497314e-02
-4.615319520235061646e-02
-4.243192076683044434e-02
-3.988438844680786133e-02
-3.839506953954696655e-02
-3.780075162649154663e-02
-3.821223974227905273e-02
-3.936922550201416016e-02
-4.131386429071426392e-02
-4.404526203870773315e-02
-4.765249043703079224e-02
-5.210787057876586914e-02
-5.744700133800506592e-02
-6.366372108459472656e-02
-7.086760550737380981e-02
-7.896777987480163574e-02
-8.788190037012100220e-02
-9.746082127094268799e-02
-1.073734387755393982e-01
-1.172288134694099426e-01
-1.263073980808258057e-01
-1.339029967784881592e-01
-1.391146332025527954e-01
-1.412745565176010132e-01
-1.399231553077697754e-01
-1.350801438093185425e-01
-1.271293312311172485e-01
-1.167989596724510193e-01
-1.050375476479530334e-01
-9.280307590961456299e-02
-8.084924519062042236e-02
-6.979942321777343750e-02
-6.000284105539321899e-02
-5.167867988348007202e-02
-4.486910998821258545e-02
-3.951539844274520874e-02
-3.543631732463836670e-02
-3.255138546228408813e-02
-3.071106784045696259e-02
-2.987220324575901031e-02
-2.982020564377307892e-02
-3.054198436439037323e-02
-3.204686939716339111e-02
-3.420008718967437744e-02
-3.713039308786392212e-02
-4.088383913040161133e-02
-4.544378072023391724e-02
-5.088270455598831177e-02
-5.729042738676071167e-02
-6.472695618867874146e-02
-7.325703650712966919e-02
-8.286108821630477905e-02
-9.339698404073715210e-02
-1.046622544527053833e-01
-1.162143126130104065e-01
-1.273512542247772217e-01
-1.371582895517349243e-01
-1.446726620197296143e-01
-1.487168967723846436e-01
-1.486879587173461914e-01
-1.442725807428359985e-01
-1.358329355716705322e-01
-1.241815164685249329e-01
-1.105258241295814514e-01
-9.608404338359832764e-02
-8.190219104290008545e-02
-6.875228136777877808e-02
-5.712508410215377808e-02
-4.720994085073471069e-02
-3.895827382802963257e-02
-3.229393064975738525e-02
-2.723532728850841522e-02
-2.336966432631015778e-02
-2.065802179276943207e-02
-1.888423226773738861e-02
-1.790416054427623749e-02
-1.759031973779201508e-02
-1.780495978891849518e-02
-1.863542385399341583e-02
-1.998761855065822601e-02
-2.189903892576694489e-02
-2.435726486146450043e-02
-2.740821801126003265e-02
-3.116381727159023285e-02
-3.570462018251419067e-02
-4.109457880258560181e-02
-4.753033816814422607e-02
-5.510709434747695923e-02
-6.395682692527770996e-02
-7.421386241912841797e-02
-8.585774898529052734e-02
-9.877900034189224243e-02
-1.126664057374000549e-01
-1.268506497144699097e-01
-1.403340995311737061e-01
-1.517385393381118774e-01
-1.594848036766052246e-01
-1.622498184442520142e-01
-1.591563969850540161e-01
-1.502673625946044922e-01
-1.365793198347091675e-01
-1.196657493710517883e-01
-1.014322787523269653e-01
-8.342699706554412842e-02
-6.670866906642913818e-02
-5.190331488847732544e-02
-3.927648812532424927e-02
-2.887707017362117767e-02
-2.041625417768955231e-02
-1.371780969202518463e-02
-8.476456627249717712e-03
-4.377860575914382935e-03
-1.170711591839790344e-03
1.359671354293823242e-03
3.431408666074275970e-03
5.209651775658130646e-03
6.796396337449550629e-03
8.259743452072143555e-03
9.771295823156833649e-03
1.138523779809474945e-02
1.322597078979015350e-02
1.529335323721170425e-02
1.768694818019866943e-02
2.048963680863380432e-02
2.384026721119880676e-02
2.783038094639778137e-02
3.262703865766525269e-02
3.831946104764938354e-02
4.511082917451858521e-02
5.322739481925964355e-02
6.278233975172042847e-02
7.401674985885620117e-02
8.685983717441558838e-02
1.013187095522880554e-01
1.169993802905082703e-01
1.333085447549819946e-01
1.488610655069351196e-01
1.619476377964019775e-01
1.705490648746490479e-01
1.729000657796859741e-01
1.680215746164321899e-01
1.561127603054046631e-01
1.387518048286437988e-01
1.182762235403060913e-01
9.690959006547927856e-02
7.619069516658782959e-02
5.749782919883728027e-02
4.122806712985038757e-02
2.758136391639709473e-02
1.644685119390487671e-02
7.505130022764205933e-03
2.859234809875488281e-04
-5.433434620499610901e-03
-1.021756790578365326e-02
-1.418802328407764435e-02
-1.768117584288120270e-02
-2.099776826798915863e-02
-2.426561526954174042e-02
-2.767439745366573334e-02
-3.132889419794082642e-02
-3.551823645830154419e-02
-4.021848738193511963e-02
-4.571384191513061523e-02
-5.209816992282867432e-02
-5.941809713840484619e-02
-6.775558739900588989e-02
-7.728766649961471558e-02
-8.798246085643768311e-02
-9.963979572057723999e-02
-1.119143143296241760e-01
-1.241151764988899231e-01
-1.355423927307128906e-01
-1.449101716279983521e-01
-1.510637998580932617e-01
-1.531562060117721558e-01
-1.503042280673980713e-01
-1.428111493587493896e-01
-1.313943266868591309e-01
-1.173311695456504822e-01
-1.019022315740585327e-01
-8.643671125173568726e-02
-7.187284529209136963e-02
-5.889503657817840576e-02
-4.769904166460037231e-02
-3.843118250370025635e-02
-3.092817775905132294e-02
-2.499224804341793060e-02
-2.048019506037235260e-02
-1.710112951695919037e-02
-1.469803042709827423e-02
-1.314342208206653595e-02
-1.222860068082809448e-02
-1.196442171931266785e-02
-1.212619617581367493e-02
-1.258561573922634125e-02
-1.360665448009967804e-02
-1.489876769483089447e-02
-1.657891459763050079e-02
-1.874793134629726410e-02
-2.152621559798717499e-02
-2.475101314485073090e-02
-2.872453071177005768e-02
-3.347292542457580566e-02
-3.923095762729644775e-02
-4.605705291032791138e-02
-5.412200093269348145e-02
-6.370360404253005981e-02
-7.484382390975952148e-02
-8.765215426683425903e-02
-1.019279807806015015e-01
-1.173455938696861267e-01
-1.331105530261993408e-01
-1.479600965976715088e-01
-1.601738929748535156e-01
-1.678966581821441650e-01
-1.694801449775695801e-01
-1.641117483377456665e-01
-1.522755771875381470e-01
-1.353903561830520630e-01
-1.156039461493492126e-01
-9.492059051990509033e-02
-7.511896640062332153e-02
-5.728376656770706177e-02
-4.182810336351394653e-02
-2.887420542538166046e-02
-1.822478137910366058e-02
-9.754611179232597351e-03
-2.959998324513435364e-03
2.405365929007530212e-03
6.797667592763900757e-03
1.046810206025838852e-02
1.357824541628360748e-02
1.645702123641967773e-02
1.923873648047447205e-02
2.210526168346405029e-02
2.513305284082889557e-02
2.854287996888160706e-02
3.239116072654724121e-02
3.683374077081680298e-02
4.206639528274536133e-02
4.812029004096984863e-02
5.517122149467468262e-02
6.326632946729660034e-02
7.252635806798934937e-02
8.299986273050308228e-02
9.462934732437133789e-02
1.071954518556594849e-01
1.202080920338630676e-01
1.328418701887130737e-01
1.439923942089080811e-01
1.523860692977905273e-01
1.567803621292114258e-01
1.562681198120117188e-01
1.504771858453750610e-01
1.400524377822875977e-01
1.260395646095275879e-01
1.100528463721275330e-01
9.349311143159866333e-02
7.764684408903121948e-02
6.319122016429901123e-02
5.054084211587905884e-02
3.986522927880287170e-02
3.113285452127456665e-02
2.418337389826774597e-02
1.877974532544612885e-02
1.466814894229173660e-02
1.159506477415561676e-02
9.356936439871788025e-03
7.716060616075992584e-03
6.634488701820373535e-03
5.868817679584026337e-03
5.507511086761951447e-03
5.441666580736637115e-03
5.506019107997417450e-03
5.875229835510253906e-03
6.387203931808471680e-03
7.138718850910663605e-03
8.174300193786621094e-03
9.339836426079273224e-03
1.082879491150379181e-02
1.262938976287841797e-02
1.488471869379281998e-02
1.761726848781108856e-02
2.098549716174602509e-02
2.502225339412689209e-02
2.991345338523387909e-02
3.582816198468208313e-02
4.294800758361816406e-02
5.161719769239425659e-02
6.192601472139358521e-02
7.418757677078247070e-02
8.850267529487609863e-02
1.049072220921516418e-01
1.226405128836631775e-01
1.411896795034408569e-01
1.589201539754867554e-01
1.733652949333190918e-01
1.821298301219940186e-01
1.828984618186950684e-01
1.747162044048309326e-01
1.585960835218429565e-01
1.366990655660629272e-01
1.121102347970008850e-01
8.735278993844985962e-02
6.450887024402618408e-02
4.454353451728820801e-02
2.771080657839775085e-02
1.385319884866476059e-02
2.617770805954933167e-03
-6.462864577770233154e-03
-1.369257830083370209e-02
-1.957146264612674713e-02
-2.455805428326129913e-02
-2.898744679987430573e-02
-3.315261751413345337e-02
-3.729169815778732300e-02
-4.150393605232238770e-02
-4.610899090766906738e-02
-5.110001564025878906e-02
-5.673786997795104980e-02
-6.300341337919235229e-02
-7.004032284021377563e-02
-7.783050835132598877e-02
-8.617170900106430054e-02
-9.504298865795135498e-02
-1.042108610272407532e-01
-1.132358536124229431e-01
-1.217207983136177063e-01
-1.288140714168548584e-01
-1.339610517024993896e-01
-1.365153789520263672e-01
-1.360582560300827026e-01
-1.325363814830780029e-01
-1.261146962642669678e-01
-1.173864081501960754e-01
-1.071445271372795105e-01
-9.630086272954940796e-02
-8.548378199338912964e-02
-7.526412606239318848e-02
-6.599120050668716431e-02
-5.809688568115234375e-02
-5.143978446722030640e-02
-4.620580375194549561e-02
-4.218588024377822876e-02
-3.932743519544601440e-02
-3.757269680500030518e-02
-3.680828958749771118e-02
-3.695490211248397827e-02
-3.793658316135406494e-02
-3.957679122686386108e-02
-4.203769564628601074e-02
-4.536006599664688110e-02
-4.953430593013763428e-02
-5.464189499616622925e-02
-6.057962030172348022e-02
-6.745823472738265991e-02
-7.532690465450286865e-02
-8.407811075448989868e-02
-9.356853365898132324e-02
-1.035688966512680054e-01
-1.137201264500617981e-01
-1.234177872538566589e-01
-1.318582296371459961e-01
-1.383797526359558105e-01
-1.418733149766921997e-01
-1.419515907764434814e-01
-1.383260488510131836e-01
-1.313461065292358398e-01
-1.215790733695030212e-01
-1.099571809172630310e-01
-9.750732034444808960e-02
-8.511656522750854492e-02
-7.343932241201400757e-02
-6.292755156755447388e-02
-5.387087166309356689e-02
-4.636505991220474243e-02
-4.034175723791122437e-02
-3.571422398090362549e-02
-3.226225078105926514e-02
-2.995585091412067413e-02
-2.862296439707279205e-02
-2.819487638771533966e-02
-2.854959480464458466e-02
-2.965588308870792389e-02
-3.144092112779617310e-02
-3.392568230628967285e-02
-3.710039705038070679e-02
-4.115947335958480835e-02
-4.597044736146926880e-02
-5.175051838159561157e-02
-5.853522568941116333e-02
-6.637412309646606445e-02
-7.532630860805511475e-02
-8.539234101772308350e-02
-9.638931602239608765e-02
-1.080689206719398499e-01
-1.199056133627891541e-01
-1.310490667819976807e-01
-1.406076103448867798e-01
-1.474548429250717163e-01
-1.505446881055831909e-01
-1.492498219013214111e-01
-1.435110569000244141e-01
-1.337160617113113403e-01
-1.210120543837547302e-01
-1.066090464591979980e-01
-9.173943847417831421e-02
-7.743621617555618286e-02
-6.440145522356033325e-02
-5.299732089042663574e-02
-4.341343790292739868e-02
-3.545844554901123047e-02
-2.911323122680187225e-02
-2.443374507129192352e-02
-2.068988420069217682e-02
-1.819983310997486115e-02
-1.637928746640682220e-02
-1.533433236181735992e-02
-1.500186882913112640e-02
-1.524812914431095123e-02
-1.595730520784854889e-02
-1.712329126894474030e-02
-1.875028200447559357e-02
-2.098559401929378510e-02
-2.369270659983158112e-02
-2.699831314384937286e-02
-3.103616647422313690e-02
-3.585567325353622437e-02
-4.163362830877304077e-02
-4.846306890249252319e-02
-5.654927343130111694e-02
-6.601880490779876709e-02
-7.692283391952514648e-02
-8.933148533105850220e-02
-1.030567735433578491e-01
-1.177067235112190247e-01
-1.324500888586044312e-01
-1.461479514837265015e-01
-1.572152972221374512e-01
-1.639402508735656738e-01
-1.649910062551498413e-01
-1.596882045269012451e-01
-1.484190970659255981e-01
-1.326354146003723145e-01
-1.141975000500679016e-01
-9.490762650966644287e-02
-7.637465745210647583e-02
-5.952035635709762573e-02
-4.488489776849746704e-02
-3.260394930839538574e-02
-2.251681126654148102e-02
-1.444107852876186371e-02
-8.002851158380508423e-03
-2.976948395371437073e-03
1.053078100085258484e-03
4.325310699641704559e-03
7.056843489408493042e-03
9.411178529262542725e-03
1.159936375916004181e-02
1.366543769836425781e-02
1.582958549261093140e-02
1.821390539407730103e-02
2.082554437220096588e-02
2.380728535354137421e-02
2.729478664696216583e-02
3.134592249989509583e-02
3.621488809585571289e-02
4.199781268835067749e-02
4.879987612366676331e-02
5.682361125946044922e-02
6.616648286581039429e-02
7.695799320936203003e-02
8.908390253782272339e-02
1.025746017694473267e-01
1.170058548450469971e-01
1.316724568605422974e-01
1.453506052494049072e-01
1.565432548522949219e-01
1.636712998151779175e-01
1.653961539268493652e-01
1.606956422328948975e-01
1.501536071300506592e-01
1.349288225173950195e-01
1.167796999216079712e-01
9.760764241218566895e-02
7.912364602088928223e-02
6.214322894811630249e-02
4.726988077163696289e-02
3.463532775640487671e-02
2.432171627879142761e-02
1.606015488505363464e-02
9.531554765999317169e-03
4.286244511604309082e-03
2.133455127477645874e-04
-3.116736188530921936e-03
-5.892273038625717163e-03
-8.302761241793632507e-03
-1.044382341206073761e-02
-1.247434131801128387e-02
-1.461614482104778290e-02
-1.692772097885608673e-02
-1.943151466548442841e-02
-2.233154140412807465e-02
-2.585172094404697418e-02
-2.993245981633663177e-02
-3.464660793542861938e-02
-4.037743806838989258e-02
-4.711552709341049194e-02
-5.517459660768508911e-02
-6.459918618202209473e-02
-7.544995099306106567e-02
-8.785264939069747925e-02
-1.016457304358482361e-01
-1.164429411292076111e-01
-1.314346641302108765e-01
-1.456474959850311279e-01
-1.572618037462234497e-01
-1.646657735109329224e-01
-1.663253456354141235e-01
-1.615527272224426270e-01
-1.505435109138488770e-01
-1.347781866788864136e-01
-1.160453632473945618e-01
-9.635932743549346924e-02
-7.739286124706268311e-02
-6.000825017690658569e-02
-4.490086436271667480e-02
-3.214686363935470581e-02
-2.166251651942729950e-02
-1.328049041330814362e-02
-6.592145189642906189e-03
-1.262538135051727295e-03
2.912062220275402069e-03
6.318631581962108612e-03
9.252436459064483643e-03
1.186911761760711670e-02
1.423891447484493256e-02
1.663771271705627441e-02
1.914086937904357910e-02
2.197307161986827850e-02
2.515988424420356750e-02
2.881785295903682709e-02
3.302984312176704407e-02
3.804349526762962341e-02
4.396265372633934021e-02
5.094170570373535156e-02
5.910085886716842651e-02
6.858160346746444702e-02
7.953524589538574219e-02
9.185907244682312012e-02
1.054611578583717346e-01
1.198399439454078674e-01
1.342428624629974365e-01
1.473784148693084717e-01
1.577120572328567505e-01
1.636743545532226562e-01
1.641179919242858887e-01
1.583093851804733276e-01
1.468721777200698853e-01
1.313047260046005249e-01
1.129809841513633728e-01
9.418165683746337891e-02
7.615251839160919189e-02
5.976670235395431519e-02
4.538807645440101624e-02
3.330301120877265930e-02
2.348971366882324219e-02
1.563613675534725189e-02
9.419139474630355835e-03
4.485485143959522247e-03
6.494596600532531738e-04
-2.532962709665298462e-03
-5.134833976626396179e-03
-7.319381460547447205e-03
-9.317832067608833313e-03
-1.122977957129478455e-02
-1.320941932499408722e-02
-1.530842669308185577e-02
-1.770820282399654388e-02
-2.042509801685810089e-02
-2.363613061606884003e-02
-2.740206383168697357e-02
-3.190760314464569092e-02
-3.725416958332061768e-02
-4.359682649374008179e-02
-5.119306594133377075e-02
-6.012286990880966187e-02
-7.052987813949584961e-02
-8.249306678771972656e-02
-9.597851336002349854e-02
-1.107519343495368958e-01
-1.261594295501708984e-01
-1.412227600812911987e-01
-1.544353514909744263e-01
-1.639252603054046631e-01
-1.681817770004272461e-01
-1.658229827880859375e-01
-1.568621546030044556e-01
-1.422324478626251221e-01
-1.238657161593437195e-01
-1.038302853703498840e-01
-8.384242653846740723e-02
-6.532787531614303589e-02
-4.903031885623931885e-02
-3.511251509189605713e-02
-2.366703562438488007e-02
-1.435443200170993805e-02
-6.901787593960762024e-03
-9.934101253747940063e-04
3.724060021340847015e-03
7.521390914916992188e-03
1.086261868476867676e-02
1.373829785734415054e-02
1.647267118096351624e-02
1.921499520540237427e-02
2.205619029700756073e-02
2.521043084561824799e-02
2.879185602068901062e-02
3.288213908672332764e-02
3.764279931783676147e-02
4.318145662546157837e-02
4.967974126338958740e-02
5.728359520435333252e-02
6.608808040618896484e-02
7.620590925216674805e-02
8.765114098787307739e-02
1.003127992153167725e-01
1.138457730412483215e-01
1.276552975177764893e-01
1.406036913394927979e-01
1.514395773410797119e-01
1.587330996990203857e-01
1.611334979534149170e-01
1.578950285911560059e-01
1.492338627576828003e-01
1.360185444355010986e-01
1.197033300995826721e-01
1.019722446799278259e-01
8.452795445919036865e-02
6.823316216468811035e-02
5.372611433267593384e-02
4.149803519248962402e-02
3.123584389686584473e-02
2.303842827677726746e-02
1.652866601943969727e-02
1.149262301623821259e-02
7.591514848172664642e-03
4.554473794996738434e-03
2.274109050631523132e-03
4.095677286386489868e-04
-1.044237986207008362e-03
-2.273185178637504578e-03
-3.322351723909378052e-03
-4.315771162509918213e-03
-5.336934700608253479e-03
-6.450796499848365784e-03
-7.684214040637016296e-03
-9.030072018504142761e-03
-1.061218231916427612e-02
-1.251599937677383423e-02
-1.478547789156436920e-02
-1.748249493539333344e-02
-2.080936171114444733e-02
-2.477161027491092682e-02
-2.958238311111927032e-02
-3.532735258340835571e-02
-4.234687983989715576e-02
-5.064899474382400513e-02
-6.067958474159240723e-02
-7.252570241689682007e-02
-8.635433763265609741e-02
-1.020909398794174194e-01
-1.194272264838218689e-01
-1.374416947364807129e-01
-1.547635346651077271e-01
-1.690988987684249878e-01
-1.782757639884948730e-01
-1.798593252897262573e-01
-1.729752570390701294e-01
-1.583202630281448364e-01
-1.377489268779754639e-01
-1.141007766127586365e-01
-9.001081436872482300e-02
-6.733556091785430908e-02
-4.718451946973800659e-02
-3.000993095338344574e-02
-1.585514284670352936e-02
-4.426490515470504761e-03
4.760852083563804626e-03
1.222414895892143250e-02
1.833467930555343628e-02
2.351380884647369385e-02
2.799495309591293335e-02
3.220365568995475769e-02
3.634902834892272949e-02
4.065310955047607422e-02
4.521651566028594971e-02
5.030318349599838257e-02
5.594706535339355469e-02
6.225942820310592651e-02
6.931682676076889038e-02
7.724382728338241577e-02
8.595696836709976196e-02
9.538201987743377686e-02
1.051718518137931824e-01
1.150329485535621643e-01
1.242817342281341553e-01
1.322039812803268433e-01
1.380597352981567383e-01
1.410865932703018188e-01
1.408150196075439453e-01
1.369955986738204956e-01
1.300913542509078979e-01
1.205750480294227600e-01
1.092879474163055420e-01
9.746686369180679321e-02
8.555988222360610962e-02
7.440707087516784668e-02
6.440138071775436401e-02
5.571167171001434326e-02
4.840573668479919434e-02
4.267303645610809326e-02
3.837105631828308105e-02
3.515512496232986450e-02
3.310256451368331909e-02
3.214401006698608398e-02
3.182452917098999023e-02
3.236779570579528809e-02
3.371951729059219360e-02
3.582370281219482422e-02
3.866695612668991089e-02
4.232330620288848877e-02
4.680379480123519897e-02
5.220712721347808838e-02
5.855342745780944824e-02
6.591203808784484863e-02
7.434182614088058472e-02
8.375938981771469116e-02
9.413199871778488159e-02
1.051702052354812622e-01
1.165209785103797913e-01
1.274576187133789062e-01
1.370515078306198120e-01
1.443549990653991699e-01
1.483627855777740479e-01
1.484174579381942749e-01
1.441184282302856445e-01
1.359326392412185669e-01
1.245634481310844421e-01
1.113336756825447083e-01
9.718461334705352783e-02
8.329840749502182007e-02
7.033527642488479614e-02
5.892549455165863037e-02
4.923275113105773926e-02
4.114583134651184082e-02
3.462065011262893677e-02
2.973827719688415527e-02
2.602452412247657776e-02
2.340426295995712280e-02
2.178195677697658539e-02
2.097270637750625610e-02
2.082604356110095978e-02
2.137968875467777252e-02
2.245889417827129364e-02
2.413302659988403320e-02
2.642601914703845978e-02
2.933116070926189423e-02
3.289967775344848633e-02
3.725875914096832275e-02
4.246642440557479858e-02
4.864798486232757568e-02
5.594080686569213867e-02
6.448953598737716675e-02
7.434910535812377930e-02
8.546837419271469116e-02
9.789357334375381470e-02
1.112252399325370789e-01
1.248974800109863281e-01
1.380679458379745483e-01
1.493336856365203857e-01
1.573346555233001709e-01
1.607836037874221802e-01
1.585627794265747070e-01
1.508331447839736938e-01
1.383330076932907104e-01
1.226040497422218323e-01
1.051513627171516418e-01
8.782633394002914429e-02
7.132779806852340698e-02
5.668967217206954956e-02
4.413240402936935425e-02
3.370836749672889709e-02
2.521236240863800049e-02
1.846196502447128296e-02
1.314588170498609543e-02
9.081584401428699493e-03
5.897741764783859253e-03
3.557479940354824066e-03
1.756608486175537109e-03
3.325734287500381470e-04
-7.791239768266677856e-04
-1.738378778100013733e-03
-2.557285130023956299e-03
-3.388997167348861694e-03
-4.179172217845916748e-03
-5.025556311011314392e-03
-5.932455882430076599e-03
-6.976954638957977295e-03
-8.264366537332534790e-03
-9.754169732332229614e-03
-1.161910966038703918e-02
-1.384069584310054779e-02
-1.641297899186611176e-02
-1.964235492050647736e-02
-2.354510314762592316e-02
-2.828115038573741913e-02
-3.392006456851959229e-02
-4.086779803037643433e-02
-4.909715801477432251e-02
-5.908804386854171753e-02
-7.087186723947525024e-02
-8.469449728727340698e-02
-1.005170866847038269e-01
-1.180861219763755798e-01
-1.364992856979370117e-01
-1.544539630413055420e-01
-1.696262955665588379e-01
-1.796214431524276733e-01
-1.820158660411834717e-01
-1.756384968757629395e-01
-1.609864532947540283e-01
-1.401179134845733643e-01
-1.159254685044288635e-01
-9.115505218505859375e-02
-6.780709326267242432e-02
-4.703619331121444702e-02
-2.929991297423839569e-02
-1.462208665907382965e-02
-2.783972769975662231e-03
6.794529035687446594e-03
1.446389220654964447e-02
2.080244198441505432e-02
2.617030218243598938e-02
3.087838366627693176e-02
3.526731580495834351e-02
3.958832845091819763e-02
4.405216127634048462e-02
4.881777614355087280e-02
5.405173450708389282e-02
5.983836948871612549e-02
6.628915667533874512e-02
7.346065342426300049e-02
8.142473548650741577e-02
9.010345488786697388e-02
9.926880151033401489e-02
1.086362898349761963e-01
1.177586764097213745e-01
1.259648352861404419e-01
1.326139420270919800e-01
1.370693147182464600e-01
1.386429816484451294e-01
1.370244771242141724e-01
1.322076022624969482e-01
1.247209385037422180e-01
1.150629594922065735e-01
1.041606292128562927e-01
9.298380464315414429e-02
8.205106854438781738e-02
7.196466624736785889e-02
6.288035959005355835e-02
5.513221770524978638e-02
4.880003631114959717e-02
4.385536164045333862e-02
4.024089127779006958e-02
3.771041333675384521e-02
3.624529391527175903e-02
3.571219742298126221e-02
3.601209819316864014e-02
3.713642060756683350e-02
3.903960436582565308e-02
4.174776375293731689e-02
4.525401443243026733e-02
4.960042983293533325e-02
5.488540977239608765e-02
6.105836480855941772e-02
6.818079203367233276e-02
7.631012052297592163e-02
8.533986657857894897e-02
9.518734365701675415e-02
1.055311858654022217e-01
1.161052063107490540e-01
1.261346489191055298e-01
1.348452866077423096e-01
1.413149684667587280e-01
1.447187364101409912e-01
1.445479542016983032e-01
1.403833329677581787e-01
1.326728612184524536e-01
1.221404895186424255e-01
1.100729778409004211e-01
9.700480103492736816e-02
8.410157263278961182e-02
7.214294373989105225e-02
6.154108792543411255e-02
5.247516930103302002e-02
4.493350535631179810e-02
3.885333240032196045e-02
3.428185731172561646e-02
3.083881177008152008e-02
2.848066017031669617e-02
2.715679071843624115e-02
2.667214348912239075e-02
2.689833566546440125e-02
2.794721722602844238e-02
2.952698245644569397e-02
3.189008682966232300e-02
3.492654860019683838e-02
3.869128227233886719e-02
4.329931735992431641e-02
4.880333691835403442e-02
5.530348420143127441e-02
6.293511390686035156e-02
7.167390733957290649e-02
8.158018440008163452e-02
9.257465600967407227e-02
1.045353114604949951e-01
1.168761327862739563e-01
1.290680319070816040e-01
1.399451792240142822e-01
1.484837234020233154e-01
1.534307897090911865e-01
1.538791209459304810e-01
1.494557559490203857e-01
1.405492871999740601e-01
1.281340867280960083e-01
1.132965162396430969e-01
9.765753895044326782e-02
8.230375498533248901e-02
6.798125058412551880e-02
5.538680404424667358e-02
4.477431625127792358e-02
3.588709235191345215e-02
2.876295894384384155e-02
2.325690165162086487e-02
1.901739090681076050e-02
1.588106155395507812e-02
1.364128850400447845e-02
1.220779679715633392e-02
1.132768113166093826e-02
1.100379973649978638e-02
1.107598841190338135e-02
1.157886441797018051e-02
1.237095706164836884e-02
1.354287378489971161e-02
1.505417190492153168e-02
1.693863049149513245e-02
1.933599077165126801e-02
2.221025340259075165e-02
2.567889541387557983e-02
2.988518588244915009e-02
3.497800230979919434e-02
4.106664657592773438e-02
4.834679514169692993e-02
5.700864642858505249e-02
6.730739027261734009e-02
7.914596796035766602e-02
9.269709140062332153e-02
1.078632548451423645e-01
1.239552870392799377e-01
1.401057690382003784e-01
1.549147665500640869e-01
1.663928627967834473e-01
1.726420968770980835e-01
1.719959378242492676e-01
1.640043705701828003e-01
1.495313495397567749e-01
1.304636150598526001e-01
1.092674359679222107e-01
8.790940791368484497e-02
6.793908029794692993e-02
5.037115514278411865e-02
3.548036515712738037e-02
2.307278476655483246e-02
1.301634777337312698e-02
4.921752959489822388e-03
-1.464897766709327698e-03
-6.712088361382484436e-03
-1.104115508496761322e-02
-1.472009532153606415e-02
-1.798213087022304535e-02
-2.110000513494014740e-02
-2.431556396186351776e-02
-2.762640826404094696e-02
-3.129925578832626343e-02
-3.547709435224533081e-02
-4.018096625804901123e-02
-4.563280940055847168e-02
-5.192451924085617065e-02
-5.919688194990158081e-02
-6.746733933687210083e-02
-7.684582471847534180e-02
-8.727016299962997437e-02
-9.860732406377792358e-02
-1.105582043528556824e-01
-1.224467828869819641e-01
-1.336307972669601440e-01
-1.428894251585006714e-01
-1.491005718708038330e-01
-1.514133661985397339e-01
-1.490540802478790283e-01
-1.421722620725631714e-01
-1.314421743154525757e-01
-1.179964765906333923e-01
-1.031170710921287537e-01
-8.812835812568664551e-02
-7.392307370901107788e-02
-6.113234907388687134e-02
-5.000054091215133667e-02
-4.062852263450622559e-02
-3.309221565723419189e-02
-2.705665491521358490e-02
-2.252860926091670990e-02
-1.912871189415454865e-02
-1.675923354923725128e-02
-1.531232707202434540e-02
-1.450489647686481476e-02
-1.423714496195316315e-02
-1.451966352760791779e-02
-1.533480547368526459e-02
-1.654094643890857697e-02
-1.815683208405971527e-02
-2.035320363938808441e-02
-2.305612526834011078e-02
-2.632948569953441620e-02
-3.030472807586193085e-02
-3.509285300970077515e-02
-4.083425551652908325e-02
-4.763554781675338745e-02
-5.568086355924606323e-02
-6.511963903903961182e-02
-7.606421411037445068e-02
-8.855407685041427612e-02
-1.024036481976509094e-01
-1.172645911574363708e-01
-1.323100477457046509e-01
-1.463786363601684570e-01
-1.578472405672073364e-01
-1.649470627307891846e-01
-1.662489026784896851e-01
-1.610370278358459473e-01
-1.496977210044860840e-01
-1.336718350648880005e-01
-1.148775592446327209e-01
-9.520652145147323608e-02
-7.629841566085815430e-02
-5.911989510059356689e-02
-4.419696331024169922e-02
-3.170379251241683960e-02
-2.144029922783374786e-02
-1.323712058365345001e-02
-6.707567721605300903e-03
-1.563768833875656128e-03
2.525398507714271545e-03
5.875241011381149292e-03
8.708010427653789520e-03
1.125627942383289337e-02
1.350884605199098587e-02
1.579098775982856750e-02
1.816819980740547180e-02
2.078345790505409241e-02
2.371565625071525574e-02
2.706393785774707794e-02
3.099794313311576843e-02
3.562089055776596069e-02
4.107347130775451660e-02
4.752079397439956665e-02
5.506142973899841309e-02
6.385341286659240723e-02
7.396886497735977173e-02
8.548066765069961548e-02
9.827665239572525024e-02
1.120911017060279846e-01
1.263421326875686646e-01
1.399603486061096191e-01
1.516244709491729736e-01
1.598650813102722168e-01
1.631509363651275635e-01
1.605910956859588623e-01
1.523042321205139160e-01
1.389516443014144897e-01
1.223177388310432434e-01
1.040177643299102783e-01
8.596054464578628540e-02
6.903895735740661621e-02
5.392722785472869873e-02
4.110616445541381836e-02
3.038352355360984802e-02
2.181441523134708405e-02
1.494725421071052551e-02
9.512566961348056793e-03
5.289232358336448669e-03
1.979667693376541138e-03
-7.192697376012802124e-04
-2.918669953942298889e-03
-4.841007292270660400e-03
-6.457868963479995728e-03
-8.026190102100372314e-03
-9.567052125930786133e-03
-1.123003289103507996e-02
-1.299134455621242523e-02
-1.510029099881649017e-02
-1.764009706676006317e-02
-2.054359577596187592e-02
-2.405390702188014984e-02
-2.816808782517910004e-02
-3.313036262989044189e-02
-3.915707021951675415e-02
-4.631987214088439941e-02
-5.474620312452316284e-02
-6.484032422304153442e-02
-7.661157101392745972e-02
-9.007889777421951294e-02
-1.051230207085609436e-01
-1.213504597544670105e-01
-1.377189606428146362e-01
-1.530498415231704712e-01
-1.651128232479095459e-01
-1.722116172313690186e-01
-1.723018884658813477e-01
-1.650689095258712769e-01
-1.510840803384780884e-01
-1.323608309030532837e-01
-1.109858527779579163e-01
-8.922628313302993774e-02
-6.874506920576095581e-02
-5.048045516014099121e-02
-3.497831523418426514e-02
-2.213569544255733490e-02
-1.170727983117103577e-02
-3.281159326434135437e-03
3.447446972131729126e-03
8.934604935348033905e-03
1.340134534984827042e-02
1.730543002486228943e-02
2.087615244090557098e-02
2.426471933722496033e-02
2.773652784526348114e-02
3.138385713100433350e-02
3.543757647275924683e-02
4.001275449991226196e-02
4.528180509805679321e-02
5.128958076238632202e-02
5.820545554161071777e-02
6.614734232425689697e-02
7.517689466476440430e-02
8.529191464185714722e-02
9.645395725965499878e-02
1.082889810204505920e-01
1.203996315598487854e-01
1.319468319416046143e-01
1.418973803520202637e-01
1.491599828004837036e-01
1.526461839675903320e-01
1.515893936157226562e-01
1.458992511034011841e-01
1.359617859125137329e-01
1.228902116417884827e-01
1.082324236631393433e-01
9.293649345636367798e-02
7.842873781919479370e-02
6.512589007616043091e-02
5.339927226305007935e-02
4.356182366609573364e-02
3.546495735645294189e-02
2.901406213641166687e-02
2.416541427373886108e-02
2.041999995708465576e-02
1.775376684963703156e-02
1.599779911339282990e-02
1.489608548581600189e-02
1.436792127788066864e-02
1.441267039626836777e-02
1.500953733921051025e-02
1.603678986430168152e-02
1.753107644617557526e-02
1.945998892188072205e-02
2.189844846725463867e-02
2.492509968578815460e-02
2.862207405269145966e-02
3.302841633558273315e-02
3.832692652940750122e-02
4.463576152920722961e-02
5.215882509946823120e-02
6.100149452686309814e-02
7.138708978891372681e-02
8.320250362157821655e-02
9.659888595342636108e-02
1.112079247832298279e-01
1.264849156141281128e-01
1.414639353752136230e-01
1.546174436807632446e-01
1.641534566879272461e-01
1.684333980083465576e-01
1.662680953741073608e-01
1.573832780122756958e-01
1.429923325777053833e-01
1.248222663998603821e-01
1.050741374492645264e-01
8.529719710350036621e-02
6.698442995548248291e-02
5.085240304470062256e-02
3.722617775201797485e-02
2.579078823328018188e-02
1.656601950526237488e-02
9.236901998519897461e-03
3.413518890738487244e-03
-1.233268529176712036e-03
-4.922173917293548584e-03
-8.078325539827346802e-03
-1.081129722297191620e-02
-1.327070035040378571e-02
-1.574887521564960480e-02
-1.830311678349971771e-02
-2.108701504766941071e-02
-2.406770177185535431e-02
-2.757623605430126190e-02
-3.169625252485275269e-02
-3.642600029706954956e-02
-4.203231632709503174e-02
-4.852823168039321899e-02
-5.624554306268692017e-02
-6.509220600128173828e-02
-7.529184967279434204e-02
-8.680187165737152100e-02
-9.949187934398651123e-02
-1.130058690905570984e-01
-1.267055273056030273e-01
-1.397126913070678711e-01
-1.505086272954940796e-01
-1.577097922563552856e-01
-1.601526141166687012e-01
-1.568370759487152100e-01
-1.481324732303619385e-01
-1.348062753677368164e-01
-1.185748353600502014e-01
-1.010940596461296082e-01
-8.361323922872543335e-02
-6.736741214990615845e-02
-5.295567959547042847e-02
-4.063080251216888428e-02
-3.046447224915027618e-02
-2.227261103689670563e-02
-1.585149578750133514e-02
-1.086438819766044617e-02
-6.892215460538864136e-03
-3.861283883452415466e-03
-1.516990363597869873e-03
2.846196293830871582e-04
1.741999760270118713e-03
2.947503700852394104e-03
3.997728228569030762e-03
5.039569921791553497e-03
6.045442074537277222e-03
7.131937891244888306e-03
8.327124640345573425e-03
9.703386574983596802e-03
1.126359682530164719e-02
1.310526393353939056e-02
1.538260653614997864e-02
1.806543581187725067e-02
2.134497836232185364e-02
2.527642063796520233e-02
3.008512407541275024e-02
3.586442768573760986e-02
4.286736994981765747e-02
5.134941637516021729e-02
6.148142367601394653e-02
7.355242967605590820e-02
8.753510564565658569e-02
1.033856049180030823e-01
1.209176331758499146e-01
1.392337381839752197e-01
1.567663252353668213e-01
1.713484227657318115e-01
1.804403364658355713e-01
1.818007081747055054e-01
1.744719743728637695e-01
1.591163128614425659e-01
1.379193365573883057e-01
1.138060986995697021e-01
8.942560106515884399e-02
6.658004224300384521e-02
4.632395505905151367e-02
2.895887568593025208e-02
1.474769040942192078e-02
3.261204808950424194e-03
-6.017198786139488220e-03
-1.344877295196056366e-02
-1.958736963570117950e-02
-2.474415861070156097e-02
-2.934983186423778534e-02
-3.360056132078170776e-02
-3.787279129028320312e-02
-4.221206158399581909e-02
-4.701972752809524536e-02
-5.221785604953765869e-02
-5.815957486629486084e-02
-6.470779329538345337e-02
-7.197954505681991577e-02
-8.003074675798416138e-02
-8.879216760396957397e-02
-9.816200286149978638e-02
-1.077261194586753845e-01
-1.170143261551856995e-01
-1.256161332130432129e-01
-1.324938088655471802e-01
-1.371505558490753174e-01
-1.388657391071319580e-01
-1.374212354421615601e-01
-1.326088458299636841e-01
-1.249239072203636169e-01
-1.150732859969139099e-01
-1.039489135146141052e-01
-9.243041276931762695e-02
-8.122071623802185059e-02
-7.081294059753417969e-02
-6.158535182476043701e-02
-5.371656268835067749e-02
-4.729560017585754395e-02
-4.232604056596755981e-02
-3.843928873538970947e-02
-3.577355295419692993e-02
-3.422461450099945068e-02
-3.357648849487304688e-02
-3.385506570339202881e-02
-3.488838672637939453e-02
-3.678090870380401611e-02
-3.925373405218124390e-02
-4.261346906423568726e-02
-4.680446535348892212e-02
-5.193126946687698364e-02
-5.791693180799484253e-02
-6.486382335424423218e-02
-7.283248752355575562e-02
-8.181010931730270386e-02
-9.164251387119293213e-02
-1.021427065134048462e-01
-1.129165366291999817e-01
-1.234050318598747253e-01
-1.327323764562606812e-01
-1.401474177837371826e-01
-1.445199251174926758e-01
-1.452547758817672729e-01
-1.419549435377120972e-01
-1.349537521600723267e-01
-1.248324289917945862e-01
-1.126077696681022644e-01
-9.928911924362182617e-02
-8.602382242679595947e-02
-7.347023487091064453e-02
-6.216558814048767090e-02
-5.245390534400939941e-02
-4.427128285169601440e-02
-3.772587329149246216e-02
-3.279575705528259277e-02
-2.892146445810794830e-02
-2.630341239273548126e-02
-2.470101602375507355e-02
-2.388983778655529022e-02
-2.381866611540317535e-02
-2.435761876404285431e-02
-2.562395296990871429e-02
-2.759612537920475006e-02
-3.014883585274219513e-02
-3.344071656465530396e-02
-3.744469583034515381e-02
-4.227329045534133911e-02
-4.805433005094528198e-02
-5.486571788787841797e-02
-6.280449032783508301e-02
-7.199352979660034180e-02
-8.236075937747955322e-02
-9.384564310312271118e-02
-1.062464863061904907e-01
-1.190361157059669495e-01
-1.314536631107330322e-01
-1.424351334571838379e-01
-1.507232785224914551e-01
-1.550678014755249023e-01
-1.545798778533935547e-01
-1.490509510040283203e-01
-1.388238519430160522e-01
-1.251638233661651611e-01
-1.094689294695854187e-01
-9.319798648357391357e-02
-7.747428864240646362e-02
-6.312795728445053101e-02
-5.061202496290206909e-02
-4.009961336851119995e-02
-3.151004016399383545e-02
-2.454363368451595306e-02
-1.910264976322650909e-02
-1.501580514013767242e-02
-1.195195876061916351e-02
-9.720088914036750793e-03
-8.157799020409584045e-03
-7.212350144982337952e-03
-6.565151736140251160e-03
-6.360922008752822876e-03
-6.321288645267486572e-03
-6.609888747334480286e-03
-7.110914215445518494e-03
-7.894683629274368286e-03
-8.893037214875221252e-03
-1.022474281489849091e-02
-1.180017739534378052e-02
-1.377118565142154694e-02
-1.620148308575153351e-02
-1.906023360788822174e-02
-2.261646650731563568e-02
-2.691422589123249054e-02
-3.210047632455825806e-02
-3.828112035989761353e-02
-4.577499628067016602e-02
-5.475138872861862183e-02
-6.542136520147323608e-02
-7.799465954303741455e-02
-9.245241433382034302e-02
-1.086210235953330994e-01
-1.260359138250350952e-01
-1.436792910099029541e-01
-1.597816199064254761e-01
-1.721538603305816650e-01
-1.784116178750991821e-01
-1.768414378166198730e-01
-1.670599132776260376e-01
-1.502270698547363281e-01
-1.286717951297760010e-01
-1.052109450101852417e-01
-8.216527849435806274e-02
-6.091155856847763062e-02
-4.229341447353363037e-02
-2.676172740757465363e-02
-1.396012119948863983e-02
-3.590675070881843567e-03
4.702279344201087952e-03
1.135260425508022308e-02
1.691742427647113800e-02
2.152312733232975006e-02
2.565869316458702087e-02
2.947331964969635010e-02
3.333964943885803223e-02
3.732200711965560913e-02
4.161580651998519897e-02
4.640912264585494995e-02
5.182690173387527466e-02
5.797435343265533447e-02
6.487218290567398071e-02
7.253684848546981812e-02
8.097855746746063232e-02
9.022177755832672119e-02
1.000210344791412354e-01
1.101357862353324890e-01
1.199931725859642029e-01
1.289196610450744629e-01
1.361227929592132568e-01
1.408694982528686523e-01
1.424080729484558105e-01
1.403379291296005249e-01
1.348283141851425171e-01
1.264076381921768188e-01
1.156482249498367310e-01
1.037095859646797180e-01
9.149960428476333618e-02
7.965669780969619751e-02
6.894993036985397339e-02
5.940578132867813110e-02
5.130416899919509888e-02
4.474185407161712646e-02
3.964009508490562439e-02
3.583351150155067444e-02
3.317446634173393250e-02
3.161887824535369873e-02
3.102180548012256622e-02
3.109864704310894012e-02
3.200408071279525757e-02
3.367584198713302612e-02
3.607168793678283691e-02
3.925152868032455444e-02
4.326415807008743286e-02
4.806030541658401489e-02
5.380701273679733276e-02
6.055751442909240723e-02
6.835299730300903320e-02
7.720582932233810425e-02
8.709678053855895996e-02
9.782138466835021973e-02
1.091933026909828186e-01
1.206502392888069153e-01
1.313870698213577271e-01
1.405116468667984009e-01
1.469326019287109375e-01
1.496876031160354614e-01
1.481713354587554932e-01
1.423582136631011963e-01
1.328027695417404175e-01
1.204633489251136780e-01
1.065324470400810242e-01
9.212169796228408813e-02
7.842496037483215332e-02
6.578712165355682373e-02
5.481138080358505249e-02
4.559920728206634521e-02
3.802751004695892334e-02
3.202679008245468140e-02
2.744910307228565216e-02
2.406227216124534607e-02
2.172366529703140259e-02
2.032749168574810028e-02
1.966121420264244080e-02
1.964945346117019653e-02
2.026901952922344208e-02
2.143329381942749023e-02
2.312161773443222046e-02
2.546214312314987183e-02
2.836733497679233551e-02
3.191884979605674744e-02
3.628030419349670410e-02
4.145845025777816772e-02
4.762028157711029053e-02
5.491576343774795532e-02
6.348427385091781616e-02
7.338564842939376831e-02
8.458468317985534668e-02
9.713038802146911621e-02
1.106559336185455322e-01
1.246290430426597595e-01
1.381937265396118164e-01
1.498885005712509155e-01
1.583178043365478516e-01
1.621488332748413086e-01
1.601705700159072876e-01
1.524489820003509521e-01
1.397895365953445435e-01
1.237808838486671448e-01
1.059224382042884827e-01
8.816777169704437256e-02
7.128719985485076904e-02
5.630262196063995361e-02
4.344039037823677063e-02
3.271713852882385254e-02
2.400770410895347595e-02
1.710618473589420319e-02
1.167484186589717865e-02
7.508490234613418579e-03
4.236355423927307129e-03
1.723939552903175354e-03
-2.887491136789321899e-04
-1.893036067485809326e-03
-3.279585391283035278e-03
-4.462905228137969971e-03
-5.645671859383583069e-03
-6.891699507832527161e-03
-8.165434002876281738e-03
-9.572304785251617432e-03
-1.123482175171375275e-02
-1.316793076694011688e-02
-1.550375111401081085e-02
-1.822467707097530365e-02
-2.156793139874935150e-02
-2.546442113816738129e-02
-3.022233955562114716e-02
-3.596998006105422974e-02
-4.279631376266479492e-02
-5.096680670976638794e-02
-6.073097884654998779e-02
-7.220993936061859131e-02
-8.555386215448379517e-02
-1.006745025515556335e-01
-1.172646656632423401e-01
-1.344323456287384033e-01
-1.509814262390136719e-01
-1.648083031177520752e-01
-1.741105765104293823e-01
-1.763264536857604980e-01
-1.707543432712554932e-01
-1.577616482973098755e-01
-1.389350742101669312e-01
-1.167642101645469666e-01
-9.393990784883499146e-02
-7.205830514430999756e-02
-5.230215936899185181e-02
-3.544410318136215210e-02
-2.151365391910076141e-02
-1.012362539768218994e-02
-9.035281836986541748e-04
6.413860246539115906e-03
1.241301838308572769e-02
1.737960241734981537e-02
2.169358544051647186e-02
2.560323476791381836e-02
2.936831116676330566e-02
3.325363993644714355e-02
3.735057264566421509e-02
4.183461517095565796e-02
4.692374169826507568e-02
5.264581739902496338e-02
5.919124186038970947e-02
6.656832993030548096e-02
7.490292936563491821e-02
8.417312055826187134e-02
9.437369555234909058e-02
1.051250696182250977e-01
1.161441877484321594e-01
1.266635507345199585e-01
1.358887404203414917e-01
1.428801268339157104e-01
1.466605067253112793e-01
1.465894281864166260e-01
1.425275802612304688e-01
1.346358507871627808e-01
1.237423047423362732e-01
1.110333204269409180e-01
9.745522588491439819e-02
8.399396389722824097e-02
7.166188210248947144e-02
6.065924465656280518e-02
5.110851675271987915e-02
4.314973950386047363e-02
3.691256046295166016e-02
3.214673325419425964e-02
2.848358824849128723e-02
2.596373856067657471e-02
2.443840354681015015e-02
2.372322604060173035e-02
2.373066358268260956e-02
2.441252581775188446e-02
2.580644935369491577e-02
2.778094261884689331e-02
3.045769967138767242e-02
3.382800519466400146e-02
3.791624307632446289e-02
4.286586493253707886e-02
4.874907433986663818e-02
5.566390603780746460e-02
6.377168744802474976e-02
7.304358482360839844e-02
8.359737694263458252e-02
9.532567113637924194e-02
1.079281345009803772e-01
1.209202334284782410e-01
1.336061954498291016e-01
1.447065323591232300e-01
1.529907286167144775e-01
1.571468710899353027e-01
1.562144607305526733e-01
1.502092480659484863e-01
1.394512951374053955e-01
1.253852248191833496e-01
1.091991215944290161e-01
9.263485670089721680e-02
7.662977278232574463e-02
6.213998049497604370e-02
4.955936968326568604e-02
3.898478671908378601e-02
3.040575049817562103e-02
2.346788160502910614e-02
1.811143383383750916e-02
1.399836316704750061e-02
1.092462800443172455e-02
8.685331791639328003e-03
7.078871130943298340e-03
6.056280806660652161e-03
5.315851420164108276e-03
4.897689446806907654e-03
4.765437915921211243e-03
4.780435934662818909e-03
5.035324953496456146e-03
5.417141132056713104e-03
5.929937586188316345e-03
6.731952540576457977e-03
7.714837789535522461e-03
8.780976757407188416e-03
1.018274948000907898e-02
1.190646272152662277e-02
1.403062324970960617e-02
1.661378145217895508e-02
1.977089419960975647e-02
2.354382909834384918e-02
2.821240574121475220e-02
3.380127623677253723e-02
4.055717587471008301e-02
4.880794882774353027e-02
5.869849771261215210e-02
7.047258317470550537e-02
8.438429236412048340e-02
1.003860086202621460e-01
1.180443987250328064e-01
1.368493586778640747e-01
1.553270816802978516e-01
1.712086498737335205e-01
1.818617582321166992e-01
1.848528683185577393e-01
1.788179576396942139e-01
1.641635298728942871e-01
1.430546194314956665e-01
1.184423342347145081e-01
9.311091154813766479e-02
6.921898573637008667e-02
4.821550846099853516e-02
3.039848431944847107e-02
1.552796177566051483e-02
3.507410176098346710e-03
-6.176581606268882751e-03
-1.394564472138881683e-02
-2.024268545210361481e-02
-2.556510828435420990e-02
-3.016651980578899384e-02
-3.440754860639572144e-02
-3.870228677988052368e-02
-4.298901557922363281e-02
-4.766036570072174072e-02
-5.266964435577392578e-02
-5.830853432416915894e-02
-6.448321044445037842e-02
-7.140513509511947632e-02
-7.901787757873535156e-02
-8.715116232633590698e-02
-9.571042656898498535e-02
-1.044924631714820862e-01
-1.130729392170906067e-01
-1.211196705698966980e-01
-1.276845633983612061e-01
-1.323730200529098511e-01
-1.345579624176025391e-01
-1.338961571455001831e-01
-1.303976923227310181e-01
-1.241678670048713684e-01
-1.158397421240806580e-01
-1.060961484909057617e-01
-9.579215198755264282e-02
-8.547946810722351074e-02
-7.577942311763763428e-02
-6.701601296663284302e-02
-5.941798537969589233e-02
-5.307628214359283447e-02
-4.806513339281082153e-02
-4.418023675680160522e-02
-4.158424586057662964e-02
-3.995265811681747437e-02
-3.932718932628631592e-02
-3.972936421632766724e-02
-4.077666997909545898e-02
-4.267448931932449341e-02
-4.536353051662445068e-02
-4.891742765903472900e-02
-5.334398150444030762e-02
-5.862925201654434204e-02
-6.478777527809143066e-02
-7.187123596668243408e-02
-7.984284311532974243e-02
-8.858995884656906128e-02
-9.795457869768142700e-02
-1.075793877243995667e-01
-1.171013042330741882e-01
-1.258250921964645386e-01
-1.330550909042358398e-01
-1.379160732030868530e-01
-1.398130506277084351e-01
-1.383186578750610352e-01
-1.334927529096603394e-01
-1.257366240024566650e-01
-1.157024279236793518e-01
-1.043430343270301819e-01
-9.252060204744338989e-02
-8.098973333835601807e-02
-7.027964293956756592e-02
-6.074608862400054932e-02
-5.270265042781829834e-02
-4.616156220436096191e-02
-4.095097631216049194e-02
-3.696993738412857056e-02
-3.428993374109268188e-02
-3.264414519071578979e-02
-3.192819654941558838e-02
-3.197839111089706421e-02
-3.287259489297866821e-02
-3.455164283514022827e-02
-3.706371784210205078e-02
-4.025706648826599121e-02
-4.428004473447799683e-02
-4.910860210657119751e-02
-5.487829446792602539e-02
-6.160674244165420532e-02
-6.941536068916320801e-02
-7.820367068052291870e-02
-8.798684924840927124e-02
-9.858472645282745361e-02
-1.096340492367744446e-01
-1.206685379147529602e-01
-1.307628750801086426e-01
-1.391754746437072754e-01
-1.448883116245269775e-01
-1.469897031784057617e-01
-1.450272500514984131e-01
-1.390569210052490234e-01
-1.295354366302490234e-01
-1.174597516655921936e-01
-1.039709448814392090e-01
-9.016540646553039551e-02
-7.691232860088348389e-02
-6.489158421754837036e-02
-5.434749275445938110e-02
-4.551261663436889648e-02
-3.821914643049240112e-02
-3.254184126853942871e-02
-2.825217507779598236e-02
-2.509195543825626373e-02
-2.301804535090923309e-02
-2.177535928785800934e-02
-2.134256251156330109e-02
-2.158052660524845123e-02
-2.249080501496791840e-02
-2.395060472190380096e-02
-2.606108970940113068e-02
-2.876729704439640045e-02
-3.223810344934463501e-02
-3.634976595640182495e-02
-4.133713245391845703e-02
-4.726261645555496216e-02
-5.425769090652465820e-02
-6.246495246887207031e-02
-7.191840559244155884e-02
-8.266412466764450073e-02
-9.457081556320190430e-02
-1.074316725134849548e-01
-1.207366809248924255e-01
-1.336237490177154541e-01
-1.449952870607376099e-01
-1.534496396780014038e-01
-1.576849669218063354e-01
-1.567715406417846680e-01
-1.505112051963806152e-01
-1.393688619136810303e-01
-1.247444972395896912e-01
-1.081810221076011658e-01
-9.118800610303878784e-02
-7.495655864477157593e-02
-6.022517383098602295e-02
-4.756282269954681396e-02
-3.685902059078216553e-02
-2.812443114817142487e-02
-2.111801691353321075e-02
-1.560133136808872223e-02
-1.137859188020229340e-02
-8.190471678972244263e-03
-5.805673077702522278e-03
-3.980137407779693604e-03
